; this is radiation built every millisecond when in water in that specific map
; 0.000016 means you will get fully irradiated standing in water for 60 real seconds without any protection
; outfits will reduce this, above a certain radiation protection water won't irradiate you anymore depending on the value 

[settings]
enabled = 					true

jupiter =                   0.000112
pripyat	=                   0.000200
zaton =                     0.000112

jupiter_underground	=       0.000096
labx8	=                   0.000096
l03u_agr_underground =      0.000064
l04u_labx18 =               0.000112
l08u_brainlab =             0.000096
l10u_bunker =               0.000112
l12u_control_monolith =     0.000360
l12u_sarcofag =             0.000360
l13u_warlab =               0.000360

k00_marsh = 				0.000064
k01_darkscape =             0.000064
k02_trucks_cemetery =       0.000096
l01_escape =                0.000064
l02_garbage =               0.000080
l03_agroprom =              0.000080
l04_darkvalley =            0.000080
l05_bar =                   0.000096
l06_rostok =                0.000096
l07_military =              0.000112
l08_yantar =                0.000096
l09_deadcity =              0.000112
l10_limansk =               0.000112
l10_radar =                 0.000112
l10_red_forest =            0.000112
l11_hospital =              0.000360
l11_pripyat =               0.000360
l12_stancia =               0.000360
l12_stancia_2 =             0.000360
l13_generators =            0.000360
y04_pole =                  0.000064
