; this is radiation built every millisecond when in water in that specific map
; 0.000016 means you will get fully irradiated standing in water for 60 real seconds without any protection
; outfits will reduce this, above a certain radiation protection water won't irradiate you anymore depending on the value 

[settings]
enabled = 					true

jupiter =                   0.000224
pripyat	=                   0.000400
zaton =                     0.000224

jupiter_underground	=       0.000192
labx8	=                   0.000192
l03u_agr_underground =      0.000128
l04u_labx18 =               0.000224
l08u_brainlab =             0.000192
l10u_bunker =               0.000224
l12u_control_monolith =     0.000720
l12u_sarcofag =             0.000720
l13u_warlab =               0.000720

k00_marsh = 				0.000192
k01_darkscape =             0.000128
k02_trucks_cemetery =       0.000192
l01_escape =                0.000128
l02_garbage =               0.000160
l03_agroprom =              0.000160
l04_darkvalley =            0.000160
l05_bar =                   0.000000
l06_rostok =                0.000000
l07_military =              0.000224
l08_yantar =                0.000192
l09_deadcity =              0.000000
l10_limansk =               0.000224
l10_radar =                 0.000224
l10_red_forest =            0.000224
l11_hospital =              0.000720
l11_pripyat =               0.000720
l12_stancia =               0.000720
l12_stancia_2 =             0.000720
l13_generators =            0.000720
y04_pole =                  0.000128
