[_effect]
        action_count                     = 4
        flags                            = 318465
        max_particles                    = 12
        version                          = 1
 
[action_0000]
        action_name                      = killold
        action_type                      = 10
        bool_0000                        = off
        flags                            = 1
        flt_0000                         = 0.500000
        version                          = 1
 
[action_0001]
        action_name                      = source
        action_type                      = 21
        bool_0000                        = on
        bool_0001                        = on
        flags                            = 1
        flt_0000                         = 0.000000
        flt_0001                         = 1.000000
        flt_0002                         = 0.000000
        flt_0003                         = 3000.000000
        flt_0004                         = 0.000000
        version                          = 1
 
[action_0002]
        action_name                      = targetvelocity
        action_type                      = 27
        bool_0000                        = off
        flags                            = 1
        flt_0000                         = 5.000000
        vec_0000                         = 0.000000, 0.000000, 0.000000
        version                          = 1
 
[action_0003]
        action_name                      = move
        action_type                      = 12
        flags                            = 1
        version                          = 1
 
[align_to_path]
        default_rotation                 = -1.570796, 0.000000, 0.000000
 
[domain_action_0001_0000]
        type                             = 1
        v0                               = 0.000000, 0.000000, -1.000000
        v1                               = 0.700000, 0.700000, 0.300000
        v2                               = 0.000000, 0.000000, 0.000000
 
[domain_action_0001_0001]
        type                             = 5
        v0                               = 0.000000, -1.200000, 0.000000
        v1                               = 0.100000, 0.500000, 0.000000
        v2                               = 0.000000, 0.000000, 0.000000
 
[domain_action_0001_0002]
        type                             = 0
        v0                               = 0.000000, 0.000000, 0.000000
        v1                               = 0.000000, 0.000000, 0.000000
        v2                               = 0.000000, 0.000000, 0.000000
 
[domain_action_0001_0003]
        type                             = 1
        v0                               = 0.030000, 0.030000, 0.000000
        v1                               = 0.100000, 0.100000, 0.000000
        v2                               = 0.000000, 0.000000, 0.000000
 
[domain_action_0001_0004]
        type                             = 5
        v0                               = 0.000000, 1.000000, 0.000000
        v1                               = 10.000000, 30.000000, 0.000000
        v2                               = 0.000000, 0.000000, 0.000000
 
[frame]
        dim_x                            = 4
        frame_count                      = 8
        reserved                         = 128.000000, 128.000000
        speed                            = 1.000000
        tex_size                         = 0.250000, 0.500000
 
[sprite]
        shader                           = particles\alpha_add
        texture                          = pfx\pfx_sparks
 
[timelimit]
        value                            = 0.500000
 
[velocity_scale]
        value                            = 0.021000, 0.000000, 0.000000
 
