[_effect]
        action_count                     = 4
        flags                            = 234497
        max_particles                    = 500
        version                          = 1
 
[action_0000]
        action_name                      = killold
        action_type                      = 10
        bool_0000                        = off
        flags                            = 1
        flt_0000                         = 15.000000
        version                          = 1
 
[action_0001]
        action_name                      = gravity
        action_type                      = 8
        bool_0000                        = on
        flags                            = 0
        vec_0000                         = 0.000000, -9.800000, 0.000000
        version                          = 1
 
[action_0002]
        action_name                      = move
        action_type                      = 12
        flags                            = 1
        version                          = 1
 
[action_0003]
        action_name                      = source
        action_type                      = 21
        bool_0000                        = off
        bool_0001                        = off
        flags                            = 1
        flt_0000                         = 0.000000
        flt_0001                         = 0.700000
        flt_0002                         = 0.000000
        flt_0003                         = 1000.000000
        flt_0004                         = 0.000000
        version                          = 1
 
[align_to_path]
        default_rotation                 = -1.570796, 0.000000, 0.000000
 
[collision]
        collide_resilence                = 0.000000
        collide_sqr_cutoff               = 0.000000
        one_minus_friction               = 1.000000
 
[domain_action_0003_0000]
        type                             = 0
        v0                               = 0.662745, 0.862745, 1.000000
        v1                               = 1.000000, 1.000000, 1.000000
        v2                               = 1.000000, 1.000000, 1.000000
 
[domain_action_0003_0001]
        type                             = 9
        v0                               = 0.000000, 20.000000, 0.000000
        v1                               = 0.000000, 0.500000, 0.000000
        v2                               = 5.000000, 20.000000, 0.000000
 
[domain_action_0003_0002]
        type                             = 0
        v0                               = 0.000000, 0.000000, 0.000000
        v1                               = 0.000000, 0.000000, 0.000000
        v2                               = 0.000000, 0.000000, 0.000000
 
[domain_action_0003_0003]
        type                             = 0
        v0                               = 0.500000, 1.000000, 0.100000
        v1                               = 0.000000, 0.000000, 0.000000
        v2                               = 0.000000, 0.000000, 0.000000
 
[domain_action_0003_0004]
        type                             = 0
        v0                               = 0.000000, -40.000000, 0.000000
        v1                               = 0.000000, 0.000000, 0.000000
        v2                               = 0.000000, 0.000000, 0.000000
 
[frame]
        dim_x                            = 2
        frame_count                      = 4
        reserved                         = 0.000000, 0.000000
        speed                            = 24.000000
        tex_size                         = 0.500000, 0.500000
 
[sprite]
        shader                           = particles\alpha_add
        texture                          = jdude\rain2
 
