![wpn_mp412]
        fire_point                       = 0, 0.133, 0.22
        position                         = -0.021, -0.085, 0
        shell_point                      = 0, 0.133, 0.047
 
![wpn_mp412_hud]
        aim_hud_offset_pos               = -0.08016, 0.04, -0.084174
        aim_hud_offset_pos_16x9          = -0.08016, 0.04, -0.084174
        base_hud_offset_pos              = -0.00731, 0.019256, 0.008064
        base_hud_offset_pos_16x9         = -0.00731, 0.019256, 0.008064
        base_hud_offset_rot              = 0.003983, 0.011101, 0.039823
        base_hud_offset_rot_16x9         = 0.003983, 0.011101, 0.039823
        hands_position                   = 0, 0.001917, -0.159995
        hands_position_16x9              = 0, 0.001917, -0.159995