![wpn_mp412_hud]
aim_hud_offset_pos               = -0.0687, 0.046066, -0.21
aim_hud_offset_pos_16x9          = -0.0687, 0.046066, -0.21
aim_hud_offset_rot          = 0, 0, 0
aim_hud_offset_rot_16x9     = 0, 0, 0


hands_orientation           = 0, 0, 0
hands_orientation_16x9      = 0, 0, 0
hands_position                   = -0.032857, -0.156417, -0.1189
hands_position_16x9              = -0.032857, -0.156417, -0.1189

![wpn_mp412_c-more_hud]
aim_hud_offset_pos               = -0.069348, 0.020768, -0.21
aim_hud_offset_pos_16x9          = -0.069348, 0.020768, -0.21

![wpn_mp412_ac10632_hud]
aim_hud_offset_pos               = -0.069323, 0.017934, -0.21
aim_hud_offset_pos_16x9          = -0.069323, 0.017934, -0.21

![wpn_mp412_integrated_hud]
aim_hud_offset_pos               = -0.069102, 0.028441, -0.21
aim_hud_offset_pos_16x9          = -0.069102, 0.028441, -0.21