 ![wpn_fn57_hud]
        aim_hud_offset_pos               = -0.051007, 0.031671, -0.03
        aim_hud_offset_pos_16x9          = -0.051007, 0.031671, -0.03
        aim_hud_offset_rot               = -0.003559, 0.000373, -0.07749
        aim_hud_offset_rot_16x9          = -0.003559, 0.000373, -0.07749
