![wpn_knife9_hud]
item_position                    = 0.039516, -0.004521, -0.003831
item_orientation                 = -91.6462, 9.583547, -180
        
hands_position                   = -0.067257, -0.037479, -0.080000
hands_position_16x9              = -0.067257, -0.037479, -0.080000