![gun_position_offsets]

; Pistols
wpn_fnx45 = 0,0,-0.16
wpn_fnx45_alt = 0,0,-0.16
wpn_fnx45_custom = 0,0,-0.16
wpn_glock = 0,-0.1,0; glocks are all cursed, moves around every time you put it down, this is as close as I can get it
wpn_glock_custom = 0,-0.1,0
wpn_glock_modern = 0,-0.1,0
wpn_pm_bas_actor = -0.05,0,-0.55
wpn_pm_bas_custom = 0,0,-0.595
wpn_usp_nimble = 0,0,-0.05
wpn_usp_tac = 0,0,-0.03

; Shotguns
wpn_ks23 = -0.05,0,-0.02
wpn_ks23_23_up = -0.05,0,-0.02
wpn_ks23_ecolog = -0.05,0,-0.02
wpn_ks23_kaban = -0.05,0,-0.04
wpn_ks23_kaban_kab_up = -0.05,0,-0.04
wpn_mp153_m1 = -0.047,-0.01,-0.03
wpn_protecta_aim = 0,-0.02,-0.2
wpn_toz106 = 0,0,0.08
wpn_toz106_m1 = 0,0,0.08
wpn_vepr = 0,0,0.02 ;doesn't spawn in GAMMA
wpn_ksg23 = 0,0.05,-0.04  ; foregrip will always clip
wpn_benelli_m1014 = 0,0,0.055 ; for GAMMA 0.9.4

; SMGs
wpn_kriss_vector = -0.146,-0.014,0.02
wpn_p90_gs = 0,-0.01,0.07
wpn_p90gamma = 0,-0.05,0.027
wpn_sr2_m1 = 0.02,-0.03,0.08 ;laser clips
wpn_sr2_veresk = 0,-0.06,0.003
wpn_sr2_veresk_sr2_upkit = 0,-0.06,0.003
wpn_thompson_1921 = 0,0.034,0.16 ;foregrip clips
wpn_thompson_m1a1 = 0,0.024,0.18
wpn_vz61 = 0,-0.03,0.05
wpn_vz61_alt = 0,-0.03,0.05
wpn_vz61_camo = 0,-0.03,0.05
wpn_vz61_freedom = 0,-0.03,0.05
wpn_udp9 = -0.03,-0.04,-0.068 ; for 0.9.4
wpn_mp9 = 0,0,0.075 ; for 0.9.4, looks stupid but w/e

; Rifles
wpn_ace52 = 0,0,-0.045
wpn_aek = 0,-0.02,0.026
wpn_ak104_alfa = 0,0,-0.048
wpn_ak105 = -0.073,-0.02,-0.068
wpn_ak105_sp = -0.073,-0.027,-0.068
wpn_ak12 = 0,0.008,-0.027
wpn_ak12_custom = 0,0,-0.03
wpn_ak12_custom_mono_kit = 0,0,-0.03
wpn_ak12_m1 = 0,0.01,-0.06
wpn_ak5c_bas = -0.04,-0.003,-0.04
wpn_ak5c_bas_5c_tik = -0.04,-0.03,-0.061 ;laser clips
wpn_ak5c_isg = -0.04,-0.03,-0.061 ; laser clips
wpn_ak74_n = 0,0,-0.03
wpn_ak74u_n1 = -0.07,-0.03,-0.03
wpn_ak74u_snag = 0,0,-0.01
wpn_akm_bas = 0,0.003,0
wpn_ash12 = 0,0.0047,0.07
wpn_g36k_rwap = -0.000556,-0.071394,-0.006648
wpn_howa20 = -0.045,0,-0.1 ;close enough
wpn_k98_mod = 0,0.1,-0.015
wpn_k98_mod_silen98 = 0,0.1,-0.015
wpn_l85_m1 = 0,0.01,0.052 ;handguard clips
wpn_l85_m2 = -0.005,0.01,0.052 ;handguard clips
wpn_l85_m3 = 0,-0.02,0.025
wpn_m4_tac = -0.04,-0.01,-0.068
wpn_m4a1_siber = -0.04,-0.025,-0.072
wpn_scar_siber = -0.04,-0.025,-0.08
wpn_scar_siber_black = -0.04,-0.025,-0.08
wpn_scar_siber_m1 = -0.04,-0.025,-0.08
wpn_scar_siber_m1_black = -0.04,-0.025,-0.08
wpn_scar_siber_m2 = -0.04,-0.025,-0.08
wpn_scar_siber_m2_custom = -0.04,-0.025,-0.08
wpn_val_tac = 0,0,-0.05
wpn_vintorez_isg = 0,0,-0.057
wpn_vintorez_m1 = 0,0,0.03
wpn_vintorez_m2 = 0,0,0.007

;Snipers
wpn_dvl10 = -0.065,-0.008,0.017
wpn_dvl10_m1 = -0.065,-0.008,0.017
wpn_remington700_lapua700 = 0,0,-0.055
wpn_remington700_magpul_pro = 0,0,-0.055
wpn_remington700_mod_x_gen3 = 0,0,-0.055
wpn_sks_molot = 0,0.025,-0.022
wpn_sks_tac = 0,0.03,-0.02
wpn_svd_m1 = 0,-0.02,-0.052
wpn_svds = 0,-0.01,-0.035
wpn_svds_pmc = 0,-0.025,-0.02
wpn_svu_nimble = 0,-0.01,0.09
wpn_steyr_scout_big = 0,0.02,-0.02 ; 0.9.4
wpn_winchester1873 = 0,-0.06,0.01
