![actor_condition]
radiation_v             = 0.00005 ; 0.00001
radiation_health_v		= 0.00000 ; 0.0018
